function parfric=parfric;
% par is the (19*1) vector of estimated parameters 

%IBdouble
%parfric=[0.000210000000000000;0.00110000000000000;0.000220000000000000;0.00120000000000000;0.000230000000000000;0.00130000000000000;0.000240000000000000;0.00140000000000000;0.000250000000000000;0.00150000000000000;0.000260000000000000;0.00160000000000000];


%averaged_trajectory_15Har_opt_0129_1_fltd_twoside_by_butterworth_O1_Hz_10.mat
%parfric=[-0.752237752691663;-0.262716381231506;-1.32150085267035;-0.296470790298347;-1.50361840584604;-0.298221780854200;-0.867632525153895;-0.572304976491897;0.405219631510916;0.152194357244638;0.330381544994835;0.175340405804156;];



%trajectory_15Har_0129_3_nosigm_fltd_twoside_by_butterworth_O1_Hz_10
%parfric=[-0.733279539768671;-0.340459460477826;-1.322390378881225;-0.468581310291209;-1.383649216888447;-0.473069536479846;-0.805982960167239;-0.56499573677299;0.46945934271083;0.183272220021029;0.304881750881737;0.180637448273201];

%trajectory_15Har_0129_4_exact_fltd_twoside_by_butterworth_O1_Hz_10
%parfric=[-0.66990127083271;-0.315147198593005;-1.25025672645153;-0.427404613859852;-1.314521463400515;-0.429505610048129;-0.641834874424886;-0.680116982607729;0.415905766911022;0.168015679797285;0.285518256372622;0.196105798476788];

%trajectory_Minus_15Har_0129_4_exact_fltd_twoside_by_butterworth_O1_Hz_10
parfric=[0.670218369395531;0.315288027983319;1.250638760729428;0.427654873342504;1.314936592823632;0.428758623175283;0.661598634394531;0.669294894383113;0.402138114793111;0.179732152848473;0.269461754864453;0.211974574604085];

%Separable_fm_ls1trajectory_15Har_0129_4_exact_fltd_twoside_by_butterworth_O1_Hz_10.mat
%parfric=[0.602104302548663;0.381676968088719;1.10928087100147;0.578458481541660;1.15913111594953;0.592097946996788;0.466071362128384;0.869865698584749;0.146370186806088;0.639366778266977;-0.0462763280947642;0.811575835993035];