function pardyn=pardyn;
% par is the (19*1) vector of estimated parameters 

%IBdouble
%pardyn=[0;0.000133333000000000;1.00000000000000e-05;0.00185833330000000;0.00212500030000000;0.0500000000000000;0.000150000000000000;0.000628123999999994;0.00672187500000000;0.00210000000000000;0.625749362000000;0.629016029000000;2.36160000000000;0.00150000000000000;-1.33428648000000;1.54428648000000;5.75760000000000;0;1.45868648000000];


%averaged_trajectory_15Har_opt_0129_1_fltd_twoside_by_butterworth_O1_Hz_10.mat
%pardyn=[-0.00165703819762838;0.00172717693568830;-0.0153331197567982;0.00473105152266106;0.00756355780467678;-0.000114880071837185;-0.0296284367101702;-0.0154756651927276;-0.00464428420107927;-0.0142951822564148;0.0708418020586557;0.0248985008839134;-0.0402652182450509;-0.0728092741317523;-0.0868961095239955;0.0659872794662726;0.100868388335782;-0.0691014991174811;0.0821959153167366];



%trajectory_15Har_0129_3_nosigm_fltd_twoside_by_butterworth_O1_Hz_10
%pardyn=[-0.000817830512954;0.002329603728015;-0.01308613362031;0.001631819974173;0.002491286163947;-0.000317676632589;-0.024140599847792;0.016696380338325;-0.001549327815051;-0.01507012979502;0.057907742396988;-0.002251458487786;-0.045874145826447;-0.074572811324759;-0.065123219836832;0.071970884043127;0.103647477103289;-0.07477144786821;0.074351963015396];

%trajectory_15Har_0129_4_exact_fltd_twoside_by_butterworth_O1_Hz_10
%pardyn=[0.00061725188591;0.000222041019802;-0.01269529864996;0.003247684093983;-0.001094218705401;-0.001409691980447;-0.021142373165839;0.013183242017112;-0.002240153965145;-0.016783839209514;0.056814078362698;0.000774296424425;-0.040957198640493;-0.073348036397363;-0.061641003480314;0.071367770809958;0.10361972528547;-0.070724631038934;0.073815890237089];

%trajectory_Minus_15Har_0129_4_exact_fltd_twoside_by_butterworth_O1_Hz_10
pardyn=[-0.001996683537914;-0.000663598913401;0.013036330335697;-0.001351005442535;0.001073703206312;0.002120803660865;0.021702540416963;-0.007719096444411;0.002233828385251;0.016012092422951;0.007541095930514;0.014730128190277;0.042291688253176;0.062692008916347;-0.020361883612062;0.06898836215738;0.075266147401463;0.007698122118807;0.072636361978399];

%Separable_fm_ls1trajectory_15Har_0129_4_exact_fltd_twoside_by_butterworth_O1_Hz_10.mat
%pardyn=[-0.000474173285637401;-0.000877871539704276;0.0132110015099841;0.00575167814973972;0.000476887758720276;0.00133433720432420;0.0217365639849242;-0.00635963607847799;-0.00482585582440660;0.0169605343224157;0.00655059990704867;0.0132593269970004;0.0390657084560920;0.0631745356172786;-0.0210184790238837;0.0704806892508455;0.0736802472227164;0.00477373563367810;0.0741482138451054];